import numpy as np
from funcoesTermosol import importa
[nn,N,nm,Inc,nc,F,nr,R] = importa('entrada.xlsx')

from numpy.linalg import det


# m = [[158760000.0, -40320000.0, -53760000.00000001], [-40320000.0, 170240000.0, 40320000.0], [-53760000.00000001, 40320000.0, 53760000.00000001]]
# a = [0, 150.0, -100.0]
# print(det(m))
# print(det(a))
# d = np.linalg.solve(m, a)

# mm = [[1, 2, 3, 1], [4, 5, 6, 7], [8, 9, 10, 11, 12], [13, 14, 15, 16]]
# aa = [10, 50, 20, 80]
# print(det(mm))
# print(det(aa))
# dd = np.linalg.solve(mm, aa)

# multiplicador_das_incognitas = [[8644029.912606936, -2888980.9215098526, 0.0, 0.0], [-2888980.9215098526, 9372003.355965052, 0.0, 0.0], [0.0, 0.0, 5281171.875, 0.0], [0.0, 0.0, 0.0, 0.0]]
# apoios = [-1300.0, -1500.0, 0, 0]
# deslocamentos = np.linalg.solve(multiplicador_das_incognitas, apoios)

# x = [[8644029.912606936, -2888980.9215098526, -3605497.9389066612, 5408246.90835999], [-2888980.9215098526, 9372003.355965052, 5408246.90835999, -8112370.362539983], [-3605497.9389066612, 5408246.90835999, 8886669.813906662, -5408246.90835999], [5408246.90835999, -8112370.362539983, -5408246.90835999, 8112370.362539983]]
# y = [-1300.0, -1500.0, 0, 0]
# deslocamentos = np.linalg.solve(x, y)
# 1: {(0, 0): [(0, 0), 5038531.973700276], (0, 1): [(0, 1), 2519265.986850138], (0, 2): [(0, 2), -5038531.973700276], (0, 3): [(0, 3), -2519265.986850138], (1, 0): [(1, 0), 2519265.986850138], (1, 1): [(1, 1), 1259632.993425069], (1, 2): [(1, 2), -2519265.986850138], (1, 3): [(1, 3), -1259632.993425069], (2, 0): [(2, 0), -5038531.973700276], (2, 1): [(2, 1), -2519265.986850138], (2, 2): [(2, 2), 5038531.973700276], (2, 3): [(2, 3), 2519265.986850138], (3, 0): [(3, 0), -2519265.986850138], (3, 1): [(3, 1), -1259632.993425069], (3, 2): [(3, 2), 2519265.986850138], (3, 3): [(3, 3), 1259632.993425069]}
# 2: {(0, 0): [(2, 2), 3605497.9389066612], (0, 1): [(2, 3), -5408246.90835999], (0, 2): [(2, 4), -3605497.9389066612], (0, 3): [(2, 5), 5408246.90835999], (1, 0): [(3, 2), -5408246.90835999], (1, 1): [(3, 3), 8112370.362539983], (1, 2): [(3, 4), 5408246.90835999], (1, 3): [(3, 5), -8112370.362539983], (2, 0): [(4, 2), -3605497.9389066612], (2, 1): [(4, 3), 5408246.90835999], (2, 2): [(4, 4), 3605497.9389066612], (2, 3): [(4, 5), -5408246.90835999], (3, 0): [(5, 2), 5408246.90835999], (3, 1): [(5, 3), -8112370.362539983], (3, 2): [(5, 4), -5408246.90835999], (3, 3): [(5, 5), 8112370.362539983]}
# 2: {(0, 0): [(0, 0), 3605497.9389066612], (0, 1): [(0, 1), -5408246.90835999], (0, 2): [(0, 2), -3605497.9389066612], (0, 3): [(0, 3), 5408246.90835999], (1, 0): [(1, 0), -5408246.90835999], (1, 1): [(1, 1), 8112370.362539983], (1, 2): [(1, 2), 5408246.90835999], (1, 3): [(1, 3), -8112370.362539983], (2, 0): [(2, 0), -3605497.9389066612], (2, 1): [(2, 1), 5408246.90835999], (2, 2): [(2, 2), 3605497.9389066612], (2, 3): [(2, 3), -5408246.90835999], (3, 0): [(3, 0), 5408246.90835999], (3, 1): [(3, 1), -8112370.362539983], (3, 2): [(3, 2), -5408246.90835999], (3, 3): [(3, 3), 8112370.362539983]}


# 3: {(0, 0): [(4, 4), 5281171.875], (0, 1): [(4, 5), -0.0], (0, 2): [(4, 0), -5281171.875], (0, 3): [(4, 1), 0.0], (1, 0): [(5, 4), -0.0], (1, 1): [(5, 5), 0.0], (1, 2): [(5, 0), 0.0], (1, 3): [(5, 1), -0.0], (2, 0): [(0, 4), -5281171.875], (2, 1): [(0, 5), 0.0], (2, 2): [(0, 0), 5281171.875], (2, 3): [(0, 1), -0.0], (3, 0): [(1, 4), 0.0], (3, 1): [(1, 5), -0.0], (3, 2): [(1, 0), -0.0], (3, 3): [(1, 1), 0.0]}
# 3: {(0, 0): [(4, 4), 5281171.875], (0, 1): [(4, 5), 0.0], (0, 2): [(4, 0), -5281171.875], (0, 3): [(4, 1), -0.0], (1, 0): [(5, 4), 0.0], (1, 1): [(5, 5), 0.0], (1, 2): [(5, 0), -0.0], (1, 3): [(5, 1), -0.0], (2, 0): [(0, 4), -5281171.875], (2, 1): [(0, 5), -0.0], (2, 2): [(0, 0), 5281171.875], (2, 3): [(0, 1), 0.0], (3, 0): [(1, 4), -0.0], (3, 1): [(1, 5), -0.0], (3, 2): [(1, 0), 0.0], (3, 3): [(1, 1), 0.0]}      


# x = [[7083920.844453329, 2704123.454179995, -1802748.9694533297, -2704123.454179995, -5281171.875, 0.0], [2704123.454179995, 4056185.1812699935, -2704123.454179995, -4056185.1812699935, 0.0, 0.0], [-1802748.9694533297, -2704123.454179995, 3605497.9389066603, 0.0, -1802748.9694533306, 2704123.454179995], [-2704123.454179995, -4056185.1812699935, 0.0, 8112370.362539985, 2704123.454179995, -4056185.1812699917], [-5281171.875, 0.0, -1802748.9694533306, 2704123.454179995, 7083920.844453331, -2704123.454179995], [0.0, 0.0, 2704123.454179995, -4056185.1812699917, -2704123.454179995, 4056185.1812699917]]
# print(det(x))
# [0, -1300.0, -1300.0, -1500.0, 0, -1300.0]



# [[8644029.912606936, -2888980.9215098526, -3605497.9389066612, 5408246.90835999], [-2888980.9215098526, 9372003.355965052, 5408246.90835999, -8112370.362539983], [-3605497.9389066612, 5408246.90835999, 8886669.813906662, -5408246.90835999], [5408246.90835999, -8112370.362539983, -5408246.90835999, 8112370.362539983]]
# [0, 0, 0, 0]

# [[8644029.912606936, -2888980.9215098526, -3605497.9389066612, 5408246.90835999], [-2888980.9215098526, 9372003.355965052, 5408246.90835999, -8112370.362539983], [-3605497.9389066612, 5408246.90835999, 8886669.813906662, -5408246.90835999], [5408246.90835999, -8112370.362539983, -5408246.90835999, 8112370.362539983]]
# [-1300.0, -1500.0, 0, 0]

# ['R', 'R', -1300.0, -1500.0, 0, 0]

# 1 = 0, 1
# 2 = 2, 3
# 3 = 4, 5
# 4 = 6, 7
# 5 = 8, 9
# 6 = 10, 11

# [[7083920.844453329, 2704123.454179995, -1802748.9694533297, -2704123.454179995, -5281171.875, 0.0], [2704123.454179995, 4056185.1812699935, -2704123.454179995, -4056185.1812699935, 0.0, 0.0], [-1802748.9694533297, -2704123.454179995, 3605497.9389066603, 0.0, -1802748.9694533306, 2704123.454179995], [-2704123.454179995, -4056185.1812699935, 0.0, 8112370.362539985, 2704123.454179995, -4056185.1812699917], [-5281171.875, 0.0, -1802748.9694533306, 2704123.454179995, 7083920.844453331, -2704123.454179995], [0.0, 0.0, 2704123.454179995, -4056185.1812699917, -2704123.454179995, 4056185.1812699917]]
# [0, 0, -1300.0, -1500.0, 0, 0]

# Kg: [[13925201.78760694 -2888980.92150985 -8644029.91260694  2888980.92150985
#   -5281171.875             0.        ]
#  [-2888980.92150985  9372003.35596505  2888980.92150985 -9372003.35596505
#          0.                0.        ]
#  [-8644029.91260694  2888980.92150985  8644029.91260694 -2888980.92150985
#          0.                0.        ]
#  [ 2888980.92150985 -9372003.35596505 -2888980.92150985  9372003.35596505
#          0.                0.        ]
#  [-5281171.875             0.                0.                0.
#    5281171.875             0.        ]
#  [       0.                0.                0.                0.
#          0.                0.        ]]

# Kg: [[10319703.84870028  2519265.98685014 -5038531.97370028 -2519265.98685014
#   -5281171.875             0.        ]
#  [ 2519265.98685014  1259632.99342507 -2519265.98685014 -1259632.99342507
#          0.                0.        ]
#  [-5038531.97370028 -2519265.98685014  8644029.91260694 -2888980.92150985
#   -3605497.93890666  5408246.90835999]
#  [-2519265.98685014 -1259632.99342507 -2888980.92150985  9372003.35596505
#    5408246.90835999 -8112370.36253998]
#  [-5281171.875             0.         -3605497.93890666  5408246.90835999
#    8886669.81390666 -5408246.90835999]
#  [       0.                0.          5408246.90835999 -8112370.36253998
#   -5408246.90835999  8112370.36253998]]


# 1: {(0, 0): [(0, 0), 5038531.973700276], (0, 1): [(0, 1), 2519265.986850138], (0, 2): [(0, 2), -5038531.973700276], (0, 3): [(0, 3), -2519265.986850138], (1, 0): [(1, 0), 2519265.986850138], (1, 1): [(1, 1), 1259632.993425069], (1, 2): [(1, 2), -2519265.986850138], (1, 3): [(1, 3), -1259632.993425069], (2, 0): [(2, 0), -5038531.973700276], (2, 1): [(2, 1), -2519265.986850138], (2, 2): [(2, 2), 5038531.973700276], (2, 3): [(2, 3), 2519265.986850138], (3, 0): [(3, 0), -2519265.986850138], (3, 1): [(3, 1), -1259632.993425069], (3, 2): [(3, 2), 2519265.986850138], (3, 3): [(3, 3), 1259632.993425069]}
# 1: {(0, 0): [(0, 0), 5038531.973700276], (0, 1): [(0, 1), 2519265.986850138], (0, 2): [(0, 2), -5038531.973700276], (0, 3): [(0, 3), -2519265.986850138], (1, 0): [(1, 0), 2519265.986850138], (1, 1): [(1, 1), 1259632.993425069], (1, 2): [(1, 2), -2519265.986850138], (1, 3): [(1, 3), -1259632.993425069], (2, 0): [(2, 0), -5038531.973700276], (2, 1): [(2, 1), -2519265.986850138], (2, 2): [(2, 2), 5038531.973700276], (2, 3): [(2, 3), 2519265.986850138], (3, 0): [(3, 0), -2519265.986850138], (3, 1): [(3, 1), -1259632.993425069], (3, 2): [(3, 2), 2519265.986850138], (3, 3): [(3, 3), 1259632.993425069]}
# [[10319703.84870028,  2519265.98685014, -5038531.97370028,
# -2519265.98685014, -5281171.875     ,        0.        ],
# [ 2519265.98685014,  1259632.99342507, -2519265.98685014,
# -1259632.99342507,        0.        ,        0.        ],
# [-5038531.97370028, -2519265.98685014,  8644029.91260694,
# -2888980.92150985, -3605497.93890666,  5408246.90835999],
# [-2519265.98685014, -1259632.99342507, -2888980.92150985,
#     9372003.35596505,  5408246.90835999, -8112370.36253998],
# [-5281171.875     ,        0.        , -3605497.93890666,
#     5408246.90835999,  8886669.81390666, -5408246.90835999],
# [       0.        ,        0.        ,  5408246.90835999,
# -8112370.36253998, -5408246.90835999,  8112370.36253998]]

# [[13925201.78760694 -2888980.92150985 -8644029.91260694  2888980.92150985
#   -5281171.875             0.        ]
#  [-2888980.92150985  9372003.35596505  2888980.92150985 -9372003.35596505
#          0.                0.        ]
#  [-8644029.91260694  2888980.92150985  8644029.91260694 -2888980.92150985
#          0.                0.        ]
#  [ 2888980.92150985 -9372003.35596505 -2888980.92150985  9372003.35596505
#          0.                0.        ]
#  [-5281171.875             0.                0.                0.
#    5281171.875             0.        ]
#  [       0.                0.                0.                0.
#          0.                0.        ]]


# [array([[13925201.78760694, -2888980.92150985, -8644029.91260694,
#          2888980.92150985, -5281171.875     ,        0.        ],
#        [-2888980.92150985,  9372003.35596505,  2888980.92150985,
#         -9372003.35596505,        0.        ,        0.        ],
#        [-8644029.91260694,  2888980.92150985,  8644029.91260694,
#         -2888980.92150985,        0.        ,        0.        ],
#        [ 2888980.92150985, -9372003.35596505, -2888980.92150985,
#          9372003.35596505,        0.        ,        0.        ],
#        [-5281171.875     ,        0.        ,        0.        ,
#                0.        ,  5281171.875     ,        0.        ],
#        [       0.        ,        0.        ,        0.        ,
#                0.        ,        0.        ,        0.        ]]), 
# array([[ 10446778.88206027,   -184857.46732986,  -5408246.90835999,
#           2704123.45418   ,  -5038531.97370028,  -2519265.98685014],
#        [  -184857.46732986,  13428188.53723505,   2704123.45418   ,
#         -12168555.54380998,  -2519265.98685014,  -1259632.99342507],
#        [ -5408246.90835999,   2704123.45418   ,   5408246.90835999,
#          -2704123.45418   ,         0.        ,         0.        ],
#        [  2704123.45418   , -12168555.54380998,  -2704123.45418   ,
#          12168555.54380998,         0.        ,         0.        ],
#        [ -5038531.97370028,  -2519265.98685014,         0.        ,
#                 0.        ,   5038531.97370028,   2519265.98685014],
#        [ -2519265.98685014,  -1259632.99342507,         0.        ,
#                 0.        ,   2519265.98685014,   1259632.99342507]]), 
# array([[ 8886669.81390666,        0.        , -3605497.93890666,
#                0.        , -5281171.875     ,        0.        ],
#        [       0.        ,  8112370.36253999,        0.        ,
#         -8112370.36253999,        0.        ,        0.        ],
#        [-3605497.93890666,        0.        ,  3605497.93890666,
#                0.        ,        0.        ,        0.        ],
#        [       0.        , -8112370.36253999,        0.        ,
#          8112370.36253999,        0.        ,        0.        ],
#        [-5281171.875     ,        0.        ,        0.        ,
#                0.        ,  5281171.875     ,        0.        ],
#        [       0.        ,        0.        ,        0.        ,
#                0.        ,        0.        ,        0.        ]]), 
# array([[ 10446778.88206026,    184857.46732986,  -5408246.90835999,
#          -2704123.45418   ,  -5038531.97370027,   2519265.98685014],
#        [   184857.46732986,  13428188.53723505,  -2704123.45418   ,
#         -12168555.54380998,   2519265.98685014,  -1259632.99342507],
#        [ -5408246.90835999,  -2704123.45418   ,   5408246.90835999,
#           2704123.45418   ,         0.        ,         0.        ],
#        [ -2704123.45418   , -12168555.54380998,   2704123.45418   ,
#          12168555.54380998,         0.        ,         0.        ],
#        [ -5038531.97370027,   2519265.98685014,         0.        ,
#                 0.        ,   5038531.97370027,  -2519265.98685014],
#        [  2519265.98685014,  -1259632.99342507,         0.        ,
#                 0.        ,  -2519265.98685014,   1259632.99342507]]), 
# array([[ 8886669.81390666,  5408246.90835999, -3605497.93890666,
#         -5408246.90835999, -5281171.875     ,        0.        ],
#        [ 5408246.90835999,  8112370.36253999, -5408246.90835999,
#         -8112370.36253999,        0.        ,        0.        ],
#        [-3605497.93890666, -5408246.90835999,  8644029.91260694,
#          2888980.92150985, -5038531.97370028,  2519265.98685014],
#        [-5408246.90835999, -8112370.36253999,  2888980.92150985,
#          9372003.35596506,  2519265.98685014, -1259632.99342507],
#        [-5281171.875     ,        0.        , -5038531.97370028,
#          2519265.98685014, 10319703.84870028, -2519265.98685014],
#        [       0.        ,        0.        ,  2519265.98685014,
#         -1259632.99342507, -2519265.98685014,  1259632.99342507]])]



# [-1.28345702e+11  2.56691405e+11  5.02966020e-05  3.42255206e+11]
# [-1.28345702e+11  2.56691405e+11  5.02966020e-05  3.42255206e+11]
x = [[10319703.84870028 ,2519265.98685014, -5038531.97370028, -2519265.98685014, -5281171.875,             0     ],[ 2519265.98685014  1259632.99342507 -2519265.98685014 -1259632.99342507,       0.                0.        ],[-5038531.97370028 -2519265.98685014  8644029.91260694 -2888980.92150985, -3605497.93890666  5408246.90835999]
 [-2519265.98685014 -1259632.99342507 -2888980.92150985  9372003.35596505
   5408246.90835999 -8112370.36253998]
 [-5281171.875             0.         -3605497.93890666  5408246.90835999
   8886669.81390666 -5408246.90835999]
 [       0.                0.          5408246.90835999 -8112370.36253998
  -5408246.90835999  8112370.36253998]]

print(det(x))